# time of the day 
+----+------+-----------+-------------------+
|hour| count|totalArrest|               rate|
+----+------+-----------+-------------------+
|   0|326416|      68483|0.20980282829273075|
|   1|185828|      51649| 0.2779398153130852|
|   2|155131|      41354|0.26657470138141315|
|   3|124742|      31354| 0.2513507880264867|
|   4| 92972|      21620| 0.2325431312653272|
|   5| 76285|      14717|0.19292128203447598|
|   6| 89800|      18029| 0.2007683741648107|
|   7|130299|      23888| 0.1833321821349358|
|   8|194829|      37567|0.19282037068403574|
|   9|245697|      48687| 0.1981587076765284|
|  10|241402|      67762| 0.2807018997357106|
|  11|255168|      89522| 0.3508355279658891|
|  12|327281|      94380|0.28837604382778104|
|  13|275314|      91504| 0.3323623208409307|
|  14|293871|      89455|0.30440227174508544|
|  15|307399|      86523| 0.2814680594276494|
|  16|288346|      81052|0.28109285372434506|
|  17|293000|      78091| 0.2665221843003413|
|  18|315714|      90621|0.28703510138923205|
|  19|330763|     116177| 0.3512394070679006|
|  20|333495|     119386|0.35798437757687523|
|  21|327930|     116452| 0.3551123715427073|
|  22|323516|     107433| 0.3320794025643245|
|  23|266646|      88496| 0.3318857211433886|
+----+------+-----------+-------------------+

# day of the week 
+---------+------+-----------+-------------------+
|dayofweek| count|totalArrest|               rate|
+---------+------+-----------+-------------------+
|   Friday|874708|     250676| 0.2865824938150789|
|   Monday|817722|     228115| 0.2789639999902167|
| Saturday|827701|     234915|0.28381625731997423|
|   Sunday|779444|     214919| 0.2757337281446775|
| Thursday|828943|     246924| 0.2978781411990933|
|  Tuesday|834011|     247905|0.29724428095073085|
|Wednesday|839315|     250748|0.29875314989008894|
+---------+------+-----------+-------------------+

# month of the year 
+-----+------+-----------+-------------------+
|month| count|totalArrest|               rate|
+-----+------+-----------+-------------------+
|    1|463497|     142642| 0.3077517222333694|
|    2|407957|     131856|0.32321053444358105|
|    3|492905|     150155| 0.3046327385601688|
|    4|494231|     143975| 0.2913111480259231|
|    5|521509|     147941|   0.28367870928402|
|    6|504706|     139220|0.27584375854457843|
|    7|531295|     144030|0.27109233100255037|
|    8|524592|     146161| 0.2786184310854912|
|    9|492694|     139180| 0.2824877104247261|
|   10|500018|     140619|0.28122787579647135|
|   11|448726|     129077| 0.2876521529842265|
|   12|419714|     119346|  0.284350772192493|
+-----+------+-----------+-------------------+

