0	58.0
1	62.6
2	70.0
3	55.7
4	85.0
5	83.5
6	94.8
7	66.3
8	75.9
9	75.5
10	158.6
11	85.2
12	73.3
13	75.9
14	89.2
15	88.3
16	90.0
17	100.0
18	85.4
19	103.0
20	91.2
21	65.7
22	63.3
23	75.4
24	70.0
25	43.5
26	45.3
27	56.4
28	60.7
29	50.7
30	66.3
31	59.8
32	23.5
33	23.2
34	28.5
35	44.0
36	35.0
37	50.0
38	71.0
39	59.3
40	59.7
41	39.6
42	78.4
43	29.3
44	27.1
45	46.6
46	37.6
47	40.0
48	44.0
49	32.0
50	45.7
51	38.0
52	36.0
53	31.7
54	22.0
55	39.0
56	28.0
57	25.0
58	20.0
59	6.7
60	0.0
61	3.0
62	1.7
63	13.7
64	20.7
65	26.7
66	18.8
67	12.3
68	8.2
69	24.1
70	13.2
71	4.2
72	10.2
73	11.2
74	6.8
75	6.5
76	0.0
77	0.0
78	8.6
79	3.2
80	17.8
81	23.7
82	6.8
83	20.0
84	12.5
85	7.1
86	5.4
87	9.4
88	12.5
89	12.9
90	3.6
91	6.4
92	11.8
93	14.3
94	17.0
95	9.4
96	14.1
97	21.2
98	26.2
99	30.0
100	38.1
101	12.8
102	25.0
103	51.3
104	39.7
105	32.5
106	64.7
107	33.5
108	37.6
109	52.0
110	49.0
111	72.3
112	46.4
113	45.0
114	44.0
115	38.7
116	62.5
117	37.7
118	43.0
119	43.0
120	48.3
121	44.0
122	46.8
123	47.0
124	49.0
125	50.0
126	51.0
127	71.3
128	77.2
129	59.7
130	46.3
131	57.0
132	67.3
133	59.5
134	74.7
135	58.3
136	72.0
137	48.3
138	66.0
139	75.6
140	61.3
141	50.6
142	59.7
143	61.0
144	70.0
145	91.0
146	80.7
147	71.7
148	107.2
149	99.3
150	94.1
151	91.1
152	100.7
153	88.7
154	89.7
155	46.0
156	43.8
157	72.8
158	45.7
159	60.2
160	39.9
161	77.1
162	33.8
163	67.7
164	68.5
165	69.3
166	77.8
167	77.2
168	56.5
169	31.9
170	34.2
171	32.9
172	32.7
173	35.8
174	54.2
175	26.5
176	68.1
177	46.3
178	60.9
179	61.4
180	59.7
181	59.7
182	40.2
183	34.4
184	44.3
185	30.0
186	30.0
187	30.0
188	28.2
189	28.0
190	26.0
191	25.7
192	24.0
193	26.0
194	25.0
195	22.0
196	20.2
197	20.0
198	27.0
199	29.7
200	16.0
201	14.0
202	14.0
203	13.0
204	12.0
205	11.0
206	36.6
207	6.0
208	26.8
209	3.0
210	3.3
211	4.0
212	4.3
213	5.0
214	5.7
215	19.2
216	27.4
217	30.0
218	43.0
219	32.9
220	29.8
221	33.3
222	21.9
223	40.8
224	42.7
225	44.1
226	54.7
227	53.3
228	53.5
229	66.1
230	46.3
231	42.7
232	77.7
233	77.4
234	52.6
235	66.8
236	74.8
237	77.8
238	90.6
239	111.8
240	73.9
241	64.2
242	64.3
243	96.7
244	73.6
245	94.4
246	118.6
247	120.3
248	148.8
249	158.2
250	148.1
251	112.0
252	104.0
253	142.5
254	80.1
255	51.0
256	70.1
257	83.3
258	109.8
259	126.3
260	104.4
261	103.6
262	132.2
263	102.3
264	36.0
265	46.2
266	46.7
267	64.9
268	152.7
269	119.5
270	67.7
271	58.5
272	101.4
273	90.0
274	99.7
275	95.7
276	100.9
277	90.8
278	31.1
279	92.2
280	38.0
281	57.0
282	77.3
283	56.2
284	50.5
285	78.6
286	61.3
287	64.0
288	54.6
289	29.0
290	51.2
291	32.9
292	41.1
293	28.4
294	27.7
295	12.7
296	29.3
297	26.3
298	40.9
299	43.2
300	46.8
301	65.4
302	55.7
303	43.8
304	51.3
305	28.5
306	17.5
307	6.6
308	7.9
309	14.0
310	17.7
311	12.2
312	4.4
313	0.0
314	11.6
315	11.2
316	3.9
317	12.3
318	1.0
319	7.9
320	3.2
321	5.6
322	15.1
323	7.9
324	21.7
325	11.6
326	6.3
327	21.8
328	11.2
329	19.0
330	1.0
331	24.2
332	16.0
333	30.0
334	35.0
335	40.0
336	45.0
337	36.5
338	39.0
339	95.5
340	80.3
341	80.7
342	95.0
343	112.0
344	116.2
345	106.5
346	146.0
347	157.3
348	177.3
349	109.3
350	134.0
351	145.0
352	238.9
353	171.6
354	153.0
355	140.0
356	171.7
357	156.3
358	150.3
359	105.0
360	114.7
361	165.7
362	118.0
363	145.0
364	140.0
365	113.7
366	143.0
367	112.0
368	111.0
369	124.0
370	114.0
371	110.0
372	70.0
373	98.0
374	98.0
375	95.0
376	107.2
377	88.0
378	86.0
379	86.0
380	93.7
381	77.0
382	60.0
383	58.7
384	98.7
385	74.7
386	53.0
387	68.3
388	104.7
389	97.7
390	73.5
391	66.0
392	51.0
393	27.3
394	67.0
395	35.2
396	54.0
397	37.5
398	37.0
399	41.0
400	54.3
401	38.0
402	37.0
403	44.0
404	34.0
405	23.2
406	31.5
407	30.0
408	28.0
409	38.7
410	26.7
411	28.3
412	23.0
413	25.2
414	32.2
415	20.0
416	18.0
417	8.0
418	15.0
419	10.5
420	13.0
421	8.0
422	11.0
423	10.0
424	6.0
425	9.0
426	6.0
427	10.0
428	10.0
429	8.0
430	17.0
431	14.0
432	6.5
433	8.0
434	9.0
435	15.7
436	20.7
437	26.3
438	36.3
439	20.0
440	32.0
441	47.2
442	40.2
443	27.3
444	37.2
445	47.6
446	47.7
447	85.4
448	92.3
449	59.0
450	83.0
451	89.7
452	111.5
453	112.3
454	116.0
455	112.7
456	134.7
457	106.0
458	87.4
459	127.2
460	134.8
461	99.2
462	128.0
463	137.2
464	157.3
465	157.0
466	141.5
467	174.0
468	138.0
469	129.2
470	143.3
471	108.5
472	113.0
473	154.2
474	141.5
475	136.0
476	141.0
477	142.0
478	94.7
479	129.5
480	114.0
481	125.3
482	120.0
483	123.3
484	123.5
485	120.0
486	117.0
487	103.0
488	112.0
489	89.7
490	134.0
491	135.5
492	103.0
493	127.5
494	96.3
495	94.0
496	93.0
497	91.0
498	69.3
499	87.0
500	77.3
501	84.3
502	82.0
503	74.0
504	72.7
505	62.0
506	74.0
507	77.2
508	73.7
509	64.2
510	71.0
511	43.0
512	66.5
513	61.7
514	67.0
515	66.0
516	58.0
517	64.0
518	63.0
519	75.7
520	62.0
521	61.0
522	45.8
523	60.0
524	59.0
525	59.0
526	57.0
527	56.0
528	56.0
529	55.0
530	55.5
531	53.0
532	52.3
533	51.0
534	50.0
535	29.3
536	24.0
537	47.0
538	44.0
539	45.7
540	45.0
541	44.0
542	38.0
543	28.4
544	55.7
545	41.5
546	41.0
547	40.0
548	11.1
549	28.5
550	67.4
551	51.4
552	21.4
553	39.9
554	12.6
555	18.6
556	31.0
557	17.1
558	12.9
559	25.7
560	13.5
561	19.5
562	25.0
563	18.0
564	22.0
565	23.8
566	15.7
567	31.7
568	21.0
569	6.7
570	26.9
571	1.5
572	18.4
573	11.0
574	8.4
575	5.1
576	14.4
577	4.2
578	4.0
579	4.0
580	7.3
581	11.1
582	4.3
583	6.0
584	5.7
585	6.9
586	5.8
587	3.0
588	2.0
589	4.0
590	12.4
591	1.1
592	0.0
593	0.0
594	0.0
595	3.0
596	2.4
597	1.5
598	12.5
599	9.9
600	1.6
601	12.6
602	21.7
603	8.4
604	8.2
605	10.6
606	2.1
607	0.0
608	0.0
609	4.6
610	2.7
611	8.6
612	6.9
613	9.3
614	13.9
615	0.0
616	5.0
617	23.7
618	21.0
619	19.5
620	11.5
621	12.3
622	10.5
623	40.1
624	27.0
625	29.0
626	30.0
627	31.0
628	32.0
629	31.2
630	35.0
631	38.7
632	33.5
633	32.6
634	39.8
635	48.2
636	47.8
637	47.0
638	40.8
639	42.0
640	44.0
641	46.0
642	48.0
643	50.0
644	51.8
645	38.5
646	34.5
647	50.0
648	50.0
649	50.8
650	29.5
651	25.0
652	44.3
653	36.0
654	48.3
655	34.1
656	45.3
657	54.3
658	51.0
659	48.0
660	45.3
661	48.3
662	48.0
663	50.6
664	33.4
665	34.8
666	29.8
667	43.1
668	53.0
669	62.3
670	61.0
671	60.0
672	61.0
673	44.1
674	51.4
675	37.5
676	39.0
677	40.5
678	37.6
679	42.7
680	44.4
681	29.4
682	41.0
683	38.3
684	39.0
685	29.6
686	32.7
687	27.7
688	26.4
689	25.6
690	30.0
691	26.3
692	24.0
693	27.0
694	25.0
695	24.0
696	12.0
697	12.2
698	9.6
699	23.8
700	10.0
701	12.0
702	12.7
703	12.0
704	5.7
705	8.0
706	2.6
707	0.0
708	0.0
709	4.5
710	0.0
711	12.3
712	13.5
713	13.5
714	6.7
715	8.0
716	11.7
717	4.7
718	10.5
719	12.3
720	7.2
721	9.2
722	0.9
723	2.5
724	2.0
725	7.7
726	0.3
727	0.2
728	0.4
729	0.0
730	0.0
731	0.0
732	0.0
733	0.0
734	0.0
735	0.0
736	0.0
737	0.0
738	0.0
739	0.0
740	0.0
741	0.0
742	0.0
743	0.0
744	0.0
745	0.0
746	0.0
747	0.0
748	0.0
749	0.0
750	6.6
751	0.0
752	2.4
753	6.1
754	0.8
755	1.1
756	11.3
757	1.9
758	0.7
759	0.0
760	1.0
761	1.3
762	0.5
763	15.6
764	5.2
765	3.9
766	7.9
767	10.1
768	0.0
769	10.3
770	1.9
771	16.6
772	5.5
773	11.2
774	18.3
775	8.4
776	15.3
777	27.8
778	16.7
779	14.3
780	22.2
781	12.0
782	5.7
783	23.8
784	5.8
785	14.9
786	18.5
787	2.3
788	8.1
789	19.3
790	14.5
791	20.1
792	19.2
793	32.2
794	26.2
795	31.6
796	9.8
797	55.9
798	35.5
799	47.2
800	31.5
801	33.5
802	37.2
803	65.0
804	26.3
805	68.8
806	73.7
807	58.8
808	44.3
809	43.6
810	38.8
811	23.2
812	47.8
813	56.4
814	38.1
815	29.9
816	36.4
817	57.9
818	96.2
819	26.4
820	21.2
821	40.0
822	50.0
823	45.0
824	36.7
825	25.6
826	28.9
827	28.4
828	34.9
829	22.4
830	25.4
831	34.5
832	53.1
833	36.4
834	28.0
835	31.5
836	26.1
837	31.6
838	10.9
839	25.8
840	32.8
841	20.7
842	3.7
843	20.2
844	19.6
845	35.0
846	31.4
847	26.1
848	14.9
849	27.5
850	25.1
851	30.6
852	19.2
853	26.6
854	4.5
855	19.4
856	29.4
857	10.8
858	20.6
859	25.9
860	5.2
861	8.9
862	7.9
863	9.1
864	21.5
865	4.2
866	5.7
867	9.2
868	1.7
869	1.8
870	2.5
871	4.8
872	4.4
873	18.9
874	4.4
875	0.3
876	0.0
877	0.9
878	16.1
879	13.0
880	1.5
881	5.6
882	8.0
883	2.1
884	0.0
885	0.4
886	0.0
887	0.0
888	0.0
889	0.0
890	0.6
891	0.0
892	0.0
893	0.0
894	0.5
895	0.0
896	0.0
897	0.0
898	0.0
899	20.4
900	21.7
901	10.8
902	0.0
903	19.4
904	2.8
905	0.0
906	0.0
907	1.4
908	20.5
909	25.2
910	0.0
911	0.9
912	5.0
913	15.5
914	22.4
915	3.8
916	15.5
917	15.4
918	30.9
919	25.7
920	15.7
921	15.6
922	11.7
923	22.0
924	17.7
925	18.2
926	36.7
927	24.0
928	32.4
929	37.1
930	52.5
931	39.6
932	18.9
933	50.6
934	39.5
935	68.1
936	34.6
937	47.4
938	57.8
939	46.0
940	56.3
941	56.7
942	42.3
943	53.7
944	49.6
945	56.1
946	48.3
947	46.1
948	52.8
949	64.4
950	65.0
951	61.1
952	89.1
953	98.0
954	54.2
955	76.5
956	50.4
957	54.7
958	57.0
959	46.9
960	43.0
961	49.4
962	72.3
963	95.0
964	67.4
965	73.9
966	90.9
967	77.6
968	52.8
969	57.2
970	67.6
971	56.5
972	52.2
973	72.1
974	84.7
975	106.3
976	66.3
977	65.1
978	43.9
979	50.7
980	62.1
981	84.4
982	81.3
983	82.2
984	47.5
985	50.1
986	93.4
987	54.5
988	38.1
989	33.4
990	45.2
991	55.0
992	37.9
993	46.3
994	43.5
995	28.9
996	30.9
997	55.6
998	55.1
999	26.9
1000	41.3
1001	26.7
1002	14.0
1003	8.9
1004	8.2
1005	21.1
1006	14.3
1007	27.5
1008	11.3
1009	15.0
1010	11.8
1011	2.8
1012	12.9
1013	1.0
1014	7.0
1015	5.7
1016	11.6
1017	7.5
1018	5.9
1019	9.9
1020	4.9
1021	18.1
1022	3.9
1023	1.4
1024	8.8
1025	7.8
1026	8.7
1027	4.0
1028	11.5
1029	24.8
1030	30.5
1031	34.5
1032	7.5
1033	24.5
1034	19.7
1035	61.5
1036	43.6
1037	33.2
1038	59.8
1039	59.0
1040	100.8
1041	95.2
1042	100.0
1043	77.5
1044	88.6
1045	107.6
1046	98.2
1047	142.9
1048	111.4
1049	124.7
1050	116.7
1051	107.8
1052	95.1
1053	137.4
1054	120.9
1055	206.3
1056	188.0
1057	175.6
1058	134.6
1059	138.2
1060	111.7
1061	158.0
1062	162.8
1063	134.0
1064	96.3
1065	123.7
1066	107.0
1067	129.8
1068	144.9
1069	84.8
1070	140.8
1071	126.6
1072	137.6
1073	94.5
1074	108.2
1075	78.8
1076	73.6
1077	90.8
1078	77.4
1079	79.8
1080	105.6
1081	102.5
1082	77.7
1083	61.8
1084	53.8
1085	54.7
1086	84.8
1087	131.2
1088	132.7
1089	90.9
1090	68.8
1091	63.7
1092	81.2
1093	87.7
1094	67.8
1095	65.9
1096	69.2
1097	48.5
1098	60.7
1099	57.8
1100	74.0
1101	55.1
1102	54.3
1103	53.7
1104	24.1
1105	29.9
1106	29.7
1107	40.2
1108	67.5
1109	55.7
1110	30.9
1111	39.3
1112	36.5
1113	28.5
1114	19.8
1115	38.8
1116	20.4
1117	22.1
1118	21.7
1119	26.9
1120	24.9
1121	20.5
1122	12.6
1123	26.6
1124	18.4
1125	38.1
1126	40.5
1127	17.6
1128	13.3
1129	3.5
1130	8.3
1131	9.5
1132	21.1
1133	10.5
1134	9.5
1135	11.8
1136	4.2
1137	5.3
1138	19.1
1139	12.7
1140	9.5
1141	14.7
1142	13.6
1143	20.8
1144	11.6
1145	3.7
1146	21.2
1147	23.9
1148	7.0
1149	21.5
1150	10.8
1151	21.6
1152	25.7
1153	43.6
1154	43.3
1155	57.0
1156	47.8
1157	31.1
1158	30.6
1159	32.3
1160	29.6
1161	40.7
1162	39.4
1163	59.7
1164	38.7
1165	51.0
1166	63.9
1167	69.3
1168	60.0
1169	65.1
1170	46.5
1171	54.8
1172	107.1
1173	55.9
1174	60.4
1175	65.5
1176	62.6
1177	44.9
1178	85.7
1179	44.8
1180	75.5
1181	85.3
1182	52.2
1183	140.6
1184	160.9
1185	180.4
1186	138.9
1187	109.6
1188	159.1
1189	111.8
1190	108.6
1191	107.1
1192	102.2
1193	129.0
1194	139.2
1195	132.6
1196	100.3
1197	132.4
1198	114.6
1199	159.5
1200	157.0
1201	131.8
1202	96.2
1203	102.5
1204	80.6
1205	81.1
1206	78.0
1207	67.7
1208	93.7
1209	71.5
1210	99.0
1211	97.0
1212	78.0
1213	89.4
1214	82.6
1215	44.1
1216	61.6
1217	70.0
1218	39.1
1219	61.6
1220	86.2
1221	71.0
1222	54.8
1223	61.0
1224	75.5
1225	105.4
1226	64.6
1227	56.5
1228	62.6
1229	63.2
1230	36.1
1231	57.4
1232	67.9
1233	62.5
1234	51.0
1235	71.4
1236	68.4
1237	66.4
1238	61.2
1239	65.4
1240	54.9
1241	46.9
1242	42.1
1243	39.7
1244	37.5
1245	67.3
1246	54.3
1247	45.4
1248	41.1
1249	42.9
1250	37.7
1251	47.6
1252	34.7
1253	40.0
1254	45.9
1255	50.5
1256	33.5
1257	42.4
1258	28.8
1259	23.4
1260	15.4
1261	20.0
1262	20.7
1263	26.5
1264	24.0
1265	21.1
1266	18.7
1267	15.8
1268	22.4
1269	12.6
1270	28.2
1271	21.6
1272	12.3
1273	11.4
1274	17.4
1275	4.4
1276	9.1
1277	5.3
1278	0.4
1279	3.1
1280	0.0
1281	9.6
1282	4.2
1283	3.1
1284	0.5
1285	4.9
1286	0.4
1287	6.5
1288	0.0
1289	5.2
1290	4.6
1291	5.9
1292	4.4
1293	4.5
1294	7.7
1295	7.2
1296	13.7
1297	7.4
1298	5.2
1299	11.1
1300	28.5
1301	16.0
1302	22.2
1303	16.9
1304	42.4
1305	40.6
1306	31.4
1307	37.2
1308	39.0
1309	34.9
1310	57.5
1311	38.3
1312	41.4
1313	44.5
1314	56.7
1315	55.3
1316	80.1
1317	91.2
1318	51.9
1319	66.9
1320	83.7
1321	87.6
1322	90.3
1323	85.7
1324	91.0
1325	87.1
1326	95.2
1327	106.8
1328	105.8
1329	114.6
1330	97.2
1331	81.0
1332	82.4
1333	88.3
1334	98.9
1335	71.4
1336	107.1
1337	108.6
1338	116.7
1339	100.3
1340	92.2
1341	90.1
1342	97.9
1343	95.6
1344	62.3
1345	77.7
1346	101.0
1347	98.5
1348	56.8
1349	88.1
1350	78.0
1351	82.5
1352	79.9
1353	67.2
1354	53.7
1355	80.5
1356	63.1
1357	64.5
1358	43.6
1359	53.7
1360	64.4
1361	84.0
1362	73.4
1363	62.5
1364	66.6
1365	41.9
1366	50.6
1367	40.9
1368	48.3
1369	56.7
1370	66.4
1371	40.6
1372	53.8
1373	40.8
1374	32.7
1375	48.1
1376	22.0
1377	39.9
1378	37.7
1379	41.2
1380	57.7
1381	47.1
1382	66.3
1383	35.8
1384	40.6
1385	57.8
1386	54.7
1387	54.8
1388	28.5
1389	33.9
1390	57.6
1391	28.6
1392	48.7
1393	39.3
1394	39.5
1395	29.4
1396	34.5
1397	33.6
1398	26.8
1399	37.8
1400	21.6
1401	17.1
1402	24.6
1403	12.8
1404	31.6
1405	38.4
1406	24.5
1407	17.6
1408	12.9
1409	16.5
1410	9.3
1411	12.7
1412	7.3
1413	14.1
1414	9.0
1415	1.5
1416	0.0
1417	0.7
1418	9.2
1419	5.1
1420	2.9
1421	1.5
1422	5.0
1423	4.8
1424	9.8
1425	13.5
1426	9.6
1427	25.2
1428	15.5
1429	15.7
1430	26.5
1431	36.6
1432	26.7
1433	31.1
1434	29.0
1435	34.4
1436	47.2
1437	61.6
1438	59.1
1439	67.6
1440	60.9
1441	59.9
1442	52.7
1443	41.0
1444	103.9
1445	108.4
1446	59.2
1447	79.6
1448	80.6
1449	59.3
1450	78.1
1451	104.4
1452	77.3
1453	114.9
1454	157.5
1455	160.0
1456	176.0
1457	135.6
1458	132.4
1459	153.8
1460	136.0
1461	146.4
1462	147.5
1463	130.0
1464	88.3
1465	125.3
1466	143.2
1467	162.4
1468	145.5
1469	91.7
1470	103.0
1471	110.1
1472	80.3
1473	89.0
1474	105.4
1475	90.4
1476	79.5
1477	120.1
1478	88.4
1479	102.1
1480	107.6
1481	109.9
1482	105.5
1483	92.9
1484	114.6
1485	102.6
1486	112.0
1487	83.9
1488	86.7
1489	107.0
1490	98.3
1491	76.2
1492	47.9
1493	44.8
1494	66.9
1495	68.2
1496	47.1
1497	47.1
1498	55.4
1499	49.2
1500	60.8
1501	64.2
1502	46.4
1503	32.0
1504	44.6
1505	38.2
1506	67.8
1507	61.3
1508	28.0
1509	34.3
1510	28.9
1511	29.3
1512	14.6
1513	21.5
1514	33.8
1515	29.1
1516	11.5
1517	23.9
1518	12.5
1519	14.6
1520	2.4
1521	12.7
1522	17.7
1523	9.9
1524	14.3
1525	15.0
1526	30.6
1527	2.3
1528	5.1
1529	1.6
1530	15.2
1531	8.8
1532	9.9
1533	14.3
1534	9.9
1535	8.2
1536	24.4
1537	8.7
1538	11.9
1539	15.8
1540	21.6
1541	14.2
1542	6.0
1543	6.3
1544	16.9
1545	6.7
1546	14.2
1547	2.2
1548	3.3
1549	6.6
1550	7.8
1551	0.1
1552	5.9
1553	6.4
1554	0.1
1555	0.0
1556	5.3
1557	1.1
1558	4.1
1559	0.5
1560	1.0
1561	0.6
1562	0.0
1563	6.2
1564	2.4
1565	4.8
1566	7.5
1567	10.7
1568	6.1
1569	12.3
1570	13.1
1571	7.3
1572	24.0
1573	27.2
1574	19.3
1575	19.5
1576	23.5
1577	34.1
1578	21.9
1579	48.1
1580	66.0
1581	43.0
1582	30.7
1583	29.6
1584	36.4
1585	53.2
1586	51.5
1587	51.6
1588	43.5
1589	60.5
1590	76.9
1591	58.4
1592	53.2
1593	64.4
1594	54.8
1595	47.3
1596	45.0
1597	69.5
1598	66.8
1599	95.8
1600	64.1
1601	45.2
1602	45.4
1603	40.4
1604	57.7
1605	59.2
1606	84.4
1607	41.8
1608	60.6
1609	46.9
1610	42.8
1611	82.1
1612	31.5
1613	76.3
1614	80.6
1615	46.0
1616	52.6
1617	83.8
1618	84.5
1619	75.9
1620	91.5
1621	86.9
1622	87.5
1623	76.1
1624	66.5
1625	51.2
1626	53.1
1627	55.8
1628	61.9
1629	47.8
1630	36.6
1631	47.2
1632	42.8
1633	71.8
1634	49.8
1635	55.0
1636	73.0
1637	83.7
1638	66.5
1639	50.0
1640	39.6
1641	38.7
1642	30.9
1643	21.7
1644	29.9
1645	25.9
1646	57.3
1647	43.7
1648	30.7
1649	27.1
1650	30.3
1651	16.9
1652	21.4
1653	8.6
1654	0.3
1655	13.0
1656	10.3
1657	13.2
1658	4.2
1659	6.9
1660	20.0
1661	15.7
1662	23.4
1663	21.4
1664	7.4
1665	6.6
1666	6.9
1667	20.7
1668	12.7
1669	7.1
1670	7.8
1671	5.1
1672	7.0
1673	7.1
1674	3.1
1675	2.8
1676	8.8
1677	2.1
1678	10.7
1679	6.7
1680	0.8
1681	8.5
1682	6.7
1683	4.3
1684	2.4
1685	6.4
1686	9.4
1687	20.6
1688	6.5
1689	2.1
1690	0.2
1691	6.7
1692	5.3
1693	0.6
1694	5.1
1695	1.6
1696	4.8
1697	1.3
1698	11.6
1699	8.5
1700	17.2
1701	11.2
1702	9.6
1703	7.8
1704	13.5
1705	22.2
1706	10.4
1707	20.5
1708	41.1
1709	48.3
1710	58.8
1711	33.0
1712	53.8
1713	51.5
1714	41.9
1715	32.5
1716	69.1
1717	75.6
1718	49.9
1719	69.6
1720	79.6
1721	76.3
1722	76.5
1723	101.4
1724	62.8
1725	70.5
1726	65.4
1727	78.6
1728	75.0
1729	73.0
1730	65.7
1731	88.1
1732	84.7
1733	89.9
1734	88.6
1735	129.2
1736	77.9
1737	80.0
1738	75.1
1739	93.8
1740	83.2
1741	84.6
1742	52.3
1743	81.6
1744	101.2
1745	98.9
1746	106.0
1747	70.3
1748	65.9
1749	75.5
1750	56.6
1751	60.0
1752	63.3
1753	67.2
1754	61.0
1755	76.9
1756	67.5
1757	71.5
1758	47.8
1759	68.9
1760	57.7
1761	67.9
1762	47.2
1763	70.7
1764	29.0
1765	57.4
1766	52.0
1767	43.8
1768	27.7
1769	49.0
1770	45.0
1771	27.2
1772	61.3
1773	28.7
1774	38.0
1775	42.6
1776	40.6
1777	29.4
1778	29.1
1779	31.0
1780	20.0
1781	11.3
1782	27.6
1783	21.8
1784	48.1
1785	14.3
1786	8.4
1787	33.3
1788	30.2
1789	36.4
1790	38.3
1791	14.5
1792	25.8
1793	22.3
1794	9.0
1795	31.4
1796	34.8
1797	34.4
1798	30.9
1799	12.6
1800	19.5
1801	9.2
1802	18.1
1803	14.2
1804	7.7
1805	20.5
1806	13.5
1807	2.9
1808	8.4
1809	13.0
1810	7.8
1811	10.5
1812	9.4
1813	13.6
1814	8.6
1815	16.0
1816	15.2
1817	12.1
1818	8.3
1819	4.3
1820	8.3
1821	12.9
1822	4.5
1823	0.3
1824	0.2
1825	2.4
1826	4.5
1827	0.0
1828	10.2
1829	5.8
1830	0.7
1831	1.0
1832	0.6
1833	3.7
1834	3.8
1835	0.0
1836	5.5
1837	0.0
1838	12.4
1839	0.0
1840	2.8
1841	1.4
1842	0.9
1843	2.3
1844	7.6
1845	16.3
1846	10.3
1847	1.1
1848	8.3
1849	17.0
1850	13.5
1851	26.1
1852	14.6
1853	16.3
1854	27.9
1855	28.8
1856	11.1
1857	38.9
1858	44.5
1859	45.6
1860	31.6
1861	24.5
1862	37.2
1863	43.0
1864	39.5
1865	41.9
1866	50.6
1867	58.2
1868	30.1
1869	54.2
1870	38.0
1871	54.6
1872	54.8
1873	85.8
1874	56.5
1875	39.3
1876	48.0
1877	49.0
1878	73.0
1879	58.8
1880	55.0
1881	78.7
1882	107.2
1883	55.5
1884	45.5
1885	31.3
1886	64.5
1887	55.3
1888	57.7
1889	63.2
1890	103.6
1891	47.7
1892	56.1
1893	17.8
1894	38.9
1895	64.7
1896	76.4
1897	108.2
1898	60.7
1899	52.6
1900	42.9
1901	40.4
1902	49.7
1903	54.3
1904	85.0
1905	65.4
1906	61.5
1907	47.3
1908	39.2
1909	33.9
1910	28.7
1911	57.6
1912	40.8
1913	48.1
1914	39.5
1915	90.5
1916	86.9
1917	32.3
1918	45.5
1919	39.5
1920	56.7
1921	46.6
1922	66.3
1923	32.3
1924	36.0
1925	22.6
1926	35.8
1927	23.1
1928	38.8
1929	58.4
1930	55.8
1931	54.2
1932	26.4
1933	31.5
1934	21.4
1935	8.4
1936	22.2
1937	12.3
1938	14.1
1939	11.5
1940	26.2
1941	38.3
1942	4.9
1943	5.8
1944	3.4
1945	9.0
1946	7.8
1947	16.5
1948	9.0
1949	2.2
1950	3.5
1951	4.0
1952	4.0
1953	2.6
1954	4.2
1955	2.2
1956	0.3
1957	0.0
1958	4.9
1959	4.5
1960	4.4
1961	4.1
1962	3.0
1963	0.3
1964	9.5
1965	4.6
1966	1.1
1967	6.4
1968	2.3
1969	2.9
1970	0.5
1971	0.9
1972	0.0
1973	0.0
1974	1.7
1975	0.2
1976	1.2
1977	3.1
1978	0.7
1979	3.8
1980	2.8
1981	2.6
1982	3.1
1983	17.3
1984	5.2
1985	11.4
1986	5.4
1987	7.7
1988	12.7
1989	8.2
1990	16.4
1991	22.3
1992	23.0
1993	42.3
1994	38.8
1995	41.3
1996	33.0
1997	68.8
1998	71.6
1999	69.6
2000	49.5
2001	53.5
2002	42.5
2003	34.5
2004	45.3
2005	55.4
2006	67.0
2007	71.8
2008	74.5
2009	67.7
2010	53.5
2011	35.2
2012	45.1
2013	50.7
2014	65.6
2015	53.0
2016	74.7
2017	71.9
2018	94.8
2019	74.7
2020	114.1
2021	114.9
2022	119.8
2023	154.5
2024	129.4
2025	72.2
2026	96.4
2027	129.3
2028	96.0
2029	65.3
2030	72.2
2031	80.5
2032	76.7
2033	59.4
2034	107.6
2035	101.7
2036	79.9
2037	85.0
2038	83.4
2039	59.2
2040	48.1
2041	79.5
2042	66.5
2043	51.8
2044	88.1
2045	111.2
2046	64.7
2047	69.0
2048	54.7
2049	52.8
2050	42.0
2051	34.9
2052	51.1
2053	53.9
2054	70.2
2055	14.8
2056	33.3
2057	38.7
2058	27.5
2059	19.2
2060	36.3
2061	49.6
2062	27.2
2063	29.9
2064	31.5
2065	28.3
2066	26.7
2067	32.4
2068	22.2
2069	33.7
2070	41.9
2071	22.8
2072	17.8
2073	18.2
2074	17.8
2075	20.3
2076	11.8
2077	26.4
2078	54.7
2079	11.0
2080	8.0
2081	5.8
2082	10.9
2083	6.5
2084	4.7
2085	6.2
2086	7.4
2087	17.5
2088	4.5
2089	1.5
2090	3.3
2091	6.1
2092	3.2
2093	9.1
2094	3.5
2095	0.5
2096	13.2
2097	11.6
2098	10.0
2099	2.8
2100	0.5
2101	5.1
2102	1.8
2103	11.3
2104	20.8
2105	24.0
2106	28.1
2107	19.3
2108	25.1
2109	25.6
2110	22.5
2111	16.5
2112	5.5
2113	23.2
2114	18.0
2115	31.7
2116	42.8
2117	47.5
2118	38.5
2119	37.9
2120	60.2
2121	69.2
2122	58.6
2123	98.6
2124	71.8
2125	69.9
2126	62.5
2127	38.5
2128	64.3
2129	73.5
2130	52.3
2131	61.6
2132	60.8
2133	71.5
2134	60.5
2135	79.4
2136	81.6
2137	93.0
2138	69.6
2139	93.5
2140	79.1
2141	59.1
2142	54.9
2143	53.8
2144	68.4
2145	63.1
2146	67.2
2147	45.2
2148	83.5
2149	73.5
2150	85.5
2151	80.6
2152	77.0
2153	91.4
2154	98.0
2155	83.8
2156	89.7
2157	61.4
2158	50.3
2159	59.0
2160	68.9
2161	62.8
2162	50.2
2163	52.8
2164	58.2
2165	71.9
2166	70.2
2167	65.8
2168	34.4
2169	54.0
2170	81.1
2171	108.0
2172	65.3
2173	49.9
2174	35.0
2175	38.2
2176	36.8
2177	28.8
2178	21.9
2179	24.9
2180	32.1
2181	34.4
2182	35.6
2183	25.8
2184	14.6
2185	43.1
2186	30.0
2187	31.2
2188	24.6
2189	15.3
2190	17.4
2191	13.0
2192	19.0
2193	10.0
2194	18.7
2195	17.8
2196	12.1
2197	10.6
2198	11.2
2199	11.2
2200	17.9
2201	22.2
2202	9.6
2203	6.8
2204	4.0
2205	8.9
2206	8.2
2207	11.0
2208	12.3
2209	22.2
2210	10.1
2211	2.9
2212	3.2
2213	5.2
2214	2.8
2215	0.2
2216	5.1
2217	3.0
2218	0.6
2219	0.3
2220	3.4
2221	7.8
2222	4.3
2223	11.3
2224	19.7
2225	6.7
2226	9.3
2227	8.3
2228	4.0
2229	5.7
2230	8.7
2231	15.4
2232	18.6
2233	20.5
2234	23.1
2235	12.2
2236	27.3
2237	45.7
2238	33.9
2239	30.1
2240	42.1
2241	53.2
2242	64.2
2243	61.5
2244	62.8
2245	74.3
2246	77.1
2247	74.9
2248	54.6
2249	70.0
2250	52.3
2251	87.0
2252	76.0
2253	89.0
2254	115.4
2255	123.4
2256	132.5
2257	128.5
2258	83.9
2259	109.3
2260	116.7
2261	130.3
2262	145.1
2263	137.7
2264	100.7
2265	124.9
2266	74.4
2267	88.8
2268	98.4
2269	119.2
2270	86.5
2271	101.0
2272	127.4
2273	97.5
2274	165.3
2275	115.7
2276	89.6
2277	99.1
2278	122.2
2279	92.7
2280	80.3
2281	77.4
2282	64.6
2283	109.1
2284	118.3
2285	101.0
2286	97.6
2287	105.8
2288	112.6
2289	88.1
2290	68.1
2291	42.1
2292	50.5
2293	59.4
2294	83.3
2295	60.7
2296	54.4
2297	83.9
2298	67.5
2299	105.5
2300	66.5
2301	55.0
2302	58.4
2303	68.3
2304	45.6
2305	44.5
2306	46.4
2307	32.8
2308	29.5
2309	59.8
2310	66.9
2311	60.0
2312	65.9
2313	46.3
2314	38.4
2315	33.7
2316	35.6
2317	52.8
2318	54.2
2319	60.7
2320	25.0
2321	11.4
2322	17.7
2323	20.2
2324	17.2
2325	19.2
2326	30.7
2327	22.5
2328	12.5
2329	28.9
2330	27.4
2331	26.1
2332	14.1
2333	7.6
2334	13.2
2335	19.4
2336	10.0
2337	7.8
2338	10.2
2339	18.8
2340	3.7
2341	0.5
2342	11.0
2343	0.3
2344	2.5
2345	5.0
2346	5.0
2347	16.7
2348	14.3
2349	16.9
2350	10.8
2351	28.4
2352	18.5
2353	12.7
2354	21.5
2355	32.0
2356	30.6
2357	36.2
2358	42.6
2359	25.9
2360	34.9
2361	68.8
2362	46.0
2363	27.4
2364	47.6
2365	86.2
2366	76.6
2367	75.7
2368	84.9
2369	73.5
2370	116.2
2371	107.2
2372	94.4
2373	102.3
2374	123.8
2375	121.7
2376	115.7
2377	133.4
2378	129.8
2379	149.8
2380	201.3
2381	163.9
2382	157.9
2383	188.8
2384	169.4
2385	163.6
2386	128.0
2387	116.5
2388	108.5
2389	86.1
2390	94.8
2391	189.7
2392	174.0
2393	167.8
2394	142.2
2395	157.9
2396	143.3
2397	136.3
2398	95.8
2399	138.0
2400	119.1
2401	182.3
2402	157.5
2403	147.0
2404	106.2
2405	121.7
2406	125.8
2407	123.8
2408	145.3
2409	131.6
2410	143.5
2411	117.6
2412	101.6
2413	94.8
2414	109.7
2415	113.4
2416	106.2
2417	83.6
2418	91.0
2419	85.2
2420	51.3
2421	61.4
2422	54.8
2423	54.1
2424	59.9
2425	59.9
2426	55.9
2427	92.9
2428	108.5
2429	100.6
2430	61.5
2431	61.0
2432	83.1
2433	51.6
2434	52.4
2435	45.8
2436	40.7
2437	22.7
2438	22.0
2439	29.1
2440	23.4
2441	36.4
2442	39.3
2443	54.9
2444	28.2
2445	23.8
2446	22.1
2447	34.3
2448	26.5
2449	3.9
2450	10.0
2451	27.8
2452	12.5
2453	21.8
2454	8.6
2455	23.5
2456	19.3
2457	8.2
2458	1.6
2459	2.5
2460	0.2
2461	0.5
2462	10.9
2463	1.8
2464	0.8
2465	0.2
2466	4.8
2467	8.4
2468	1.5
2469	7.0
2470	9.2
2471	7.6
2472	23.1
2473	20.8
2474	4.9
2475	11.3
2476	28.9
2477	31.7
2478	26.7
2479	40.7
2480	42.7
2481	58.5
2482	89.2
2483	76.9
2484	73.6
2485	124.0
2486	118.4
2487	110.7
2488	136.6
2489	116.6
2490	129.1
2491	169.6
2492	173.2
2493	155.3
2494	201.3
2495	192.1
2496	165.0
2497	130.3
2498	157.4
2499	175.2
2500	164.6
2501	200.7
2502	187.2
2503	158.0
2504	235.8
2505	253.8
2506	210.9
2507	239.4
2508	202.5
2509	164.9
2510	190.7
2511	196.0
2512	175.3
2513	171.5
2514	191.4
2515	200.2
2516	201.2
2517	181.5
2518	152.3
2519	187.6
2520	217.4
2521	143.1
2522	185.7
2523	163.3
2524	172.0
2525	168.7
2526	149.6
2527	199.6
2528	145.2
2529	111.4
2530	124.0
2531	125.0
2532	146.3
2533	106.0
2534	102.2
2535	122.0
2536	119.6
2537	110.2
2538	121.7
2539	134.1
2540	127.2
2541	82.8
2542	89.6
2543	85.6
2544	57.9
2545	46.1
2546	53.0
2547	61.4
2548	51.0
2549	77.4
2550	70.2
2551	55.8
2552	63.6
2553	37.7
2554	32.6
2555	39.9
2556	38.7
2557	50.3
2558	45.6
2559	46.4
2560	43.7
2561	42.0
2562	21.8
2563	21.8
2564	51.3
2565	39.5
2566	26.9
2567	23.2
2568	19.8
2569	24.4
2570	17.1
2571	29.3
2572	43.0
2573	35.9
2574	19.6
2575	33.2
2576	38.8
2577	35.3
2578	23.4
2579	14.9
2580	15.3
2581	17.7
2582	16.5
2583	8.6
2584	9.5
2585	9.1
2586	3.1
2587	9.3
2588	4.7
2589	6.1
2590	7.4
2591	15.1
2592	17.5
2593	14.3
2594	11.7
2595	6.8
2596	24.1
2597	15.9
2598	11.9
2599	8.9
2600	16.8
2601	20.1
2602	15.8
2603	17.0
2604	28.2
2605	24.4
2606	25.3
2607	48.7
2608	45.3
2609	47.7
2610	56.7
2611	51.2
2612	50.2
2613	57.2
2614	57.2
2615	70.4
2616	110.9
2617	93.6
2618	111.8
2619	69.5
2620	86.5
2621	67.3
2622	91.5
2623	107.2
2624	76.8
2625	88.2
2626	94.3
2627	126.4
2628	121.8
2629	111.9
2630	92.2
2631	81.2
2632	127.2
2633	110.3
2634	96.1
2635	109.3
2636	117.2
2637	107.7
2638	86.0
2639	109.8
2640	104.4
2641	120.5
2642	135.8
2643	106.8
2644	120.0
2645	106.0
2646	96.8
2647	98.0
2648	91.3
2649	95.7
2650	93.5
2651	97.9
2652	111.5
2653	127.8
2654	102.9
2655	109.5
2656	127.5
2657	106.8
2658	112.5
2659	93.0
2660	99.5
2661	86.6
2662	95.2
2663	83.5
2664	91.3
2665	79.0
2666	60.7
2667	71.8
2668	57.5
2669	49.8
2670	81.0
2671	61.4
2672	50.2
2673	51.7
2674	63.2
2675	82.2
2676	61.5
2677	88.4
2678	80.1
2679	63.2
2680	80.5
2681	88.0
2682	76.5
2683	76.8
2684	64.0
2685	61.3
2686	41.6
2687	45.3
2688	43.4
2689	42.9
2690	46.0
2691	57.7
2692	42.4
2693	39.5
2694	23.1
2695	25.6
2696	59.3
2697	30.7
2698	23.9
2699	23.3
2700	27.6
2701	26.0
2702	21.3
2703	40.3
2704	39.5
2705	36.0
2706	55.8
2707	33.6
2708	40.2
2709	47.1
2710	25.0
2711	20.5
2712	18.9
2713	11.5
2714	11.5
2715	5.1
2716	9.0
2717	11.4
2718	28.2
2719	39.7
2720	13.9
2721	9.1
2722	19.4
2723	7.8
2724	8.1
2725	4.3
2726	21.9
2727	18.8
2728	12.4
2729	12.2
2730	1.9
2731	16.4
2732	13.5
2733	20.6
2734	5.2
2735	15.3
2736	16.4
2737	23.1
2738	8.7
2739	12.9
2740	18.6
2741	38.5
2742	21.4
2743	30.1
2744	44.0
2745	43.8
2746	29.1
2747	43.2
2748	51.9
2749	93.6
2750	76.5
2751	99.7
2752	82.7
2753	95.1
2754	70.4
2755	58.1
2756	138.2
2757	125.1
2758	97.9
2759	122.7
2760	166.6
2761	137.5
2762	138.0
2763	101.5
2764	134.4
2765	149.5
2766	159.4
2767	142.2
2768	188.4
2769	186.2
2770	183.3
2771	176.3
2772	159.6
2773	155.0
2774	126.2
2775	164.1
2776	179.9
2777	157.3
2778	136.3
2779	135.4
2780	155.0
2781	164.7
2782	147.9
2783	174.4
2784	114.0
2785	141.3
2786	135.5
2787	156.4
2788	127.5
2789	90.9
2790	143.8
2791	158.7
2792	167.3
2793	162.4
2794	137.5
2795	150.1
2796	111.2
2797	163.6
2798	153.8
2799	122.0
2800	82.2
2801	110.4
2802	106.1
2803	107.6
2804	118.8
2805	94.7
2806	98.1
2807	127.0
2808	84.3
2809	51.0
2810	66.5
2811	80.7
2812	99.2
2813	91.1
2814	82.2
2815	71.8
2816	50.3
2817	55.8
2818	33.4
2819	33.4
2820	57.0
2821	85.4
2822	83.5
2823	69.7
2824	76.4
2825	46.1
2826	37.4
2827	25.5
2828	15.7
2829	12.0
2830	22.8
2831	18.7
2832	16.5
2833	15.9
2834	17.2
2835	16.2
2836	27.5
2837	24.2
2838	30.7
2839	11.1
2840	3.9
2841	18.6
2842	16.2
2843	17.3
2844	2.5
2845	23.2
2846	15.1
2847	18.5
2848	13.7
2849	1.1
2850	18.1
2851	7.4
2852	3.8
2853	35.4
2854	15.2
2855	6.8
2856	10.4
2857	2.4
2858	14.7
2859	39.6
2860	33.0
2861	17.4
2862	33.0
2863	38.7
2864	33.9
2865	60.6
2866	39.9
2867	27.1
2868	59.0
2869	40.0
2870	76.2
2871	88.0
2872	60.1
2873	101.8
2874	113.8
2875	111.6
2876	120.1
2877	125.1
2878	125.1
2879	179.2
2880	161.3
2881	165.1
2882	131.4
2883	130.6
2884	138.5
2885	196.2
2886	126.9
2887	168.9
2888	176.7
2889	159.4
2890	173.0
2891	165.5
2892	177.3
2893	130.5
2894	140.3
2895	140.3
2896	132.2
2897	105.4
2898	149.4
2899	200.3
2900	125.2
2901	145.5
2902	131.4
2903	129.7
2904	136.9
2905	167.5
2906	141.9
2907	140.0
2908	121.3
2909	169.7
2910	173.7
2911	176.3
2912	125.3
2913	144.1
2914	108.2
2915	144.4
2916	150.0
2917	161.1
2918	106.7
2919	99.8
2920	73.8
2921	65.2
2922	85.7
2923	64.5
2924	63.9
2925	88.7
2926	91.8
2927	82.6
2928	59.3
2929	91.0
2930	69.8
2931	62.2
2932	61.3
2933	49.8
2934	57.9
2935	42.2
2936	22.4
2937	56.4
2938	35.6
2939	48.9
2940	57.8
2941	35.5
2942	31.7
2943	16.1
2944	17.8
2945	28.0
2946	35.1
2947	22.5
2948	25.7
2949	44.0
2950	18.0
2951	26.2
2952	24.2
2953	29.9
2954	31.1
2955	14.0
2956	14.5
2957	15.6
2958	14.5
2959	14.3
2960	11.8
2961	21.1
2962	9.0
2963	10.0
2964	11.5
2965	4.4
2966	9.2
2967	4.8
2968	5.5
2969	11.8
2970	8.2
2971	14.4
2972	1.6
2973	0.9
2974	17.9
2975	13.3
2976	5.7
2977	7.6
2978	8.7
2979	15.5
2980	18.5
2981	12.7
2982	10.4
2983	24.4
2984	51.3
2985	22.8
2986	39.0
2987	41.2
2988	31.9
2989	40.3
2990	54.8
2991	53.4
2992	56.3
2993	70.7
2994	66.6
2995	92.2
2996	92.9
2997	55.5
2998	74.0
2999	81.9
3000	62.0
3001	66.3
3002	68.8
3003	63.7
3004	106.4
3005	137.7
3006	113.5
3007	93.7
3008	71.5
3009	116.7
3010	133.2
3011	84.6
3012	90.1
3013	112.9
3014	138.5
3015	125.5
3016	121.6
3017	124.9
3018	170.1
3019	130.5
3020	109.7
3021	99.4
3022	106.8
3023	104.4
3024	95.6
3025	80.6
3026	113.5
3027	107.7
3028	96.6
3029	134.0
3030	81.8
3031	106.4
3032	150.7
3033	125.5
3034	106.5
3035	132.2
3036	114.1
3037	107.4
3038	98.4
3039	120.7
3040	120.8
3041	88.3
3042	99.6
3043	116.4
3044	109.6
3045	97.5
3046	95.5
3047	80.8
3048	79.7
3049	46.0
3050	61.1
3051	60.0
3052	54.6
3053	77.4
3054	83.3
3055	72.7
3056	48.7
3057	65.5
3058	67.3
3059	46.5
3060	37.3
3061	45.8
3062	49.1
3063	39.3
3064	41.5
3065	43.2
3066	51.1
3067	40.9
3068	27.7
3069	48.0
3070	43.5
3071	17.9
3072	31.3
3073	29.2
3074	24.5
3075	24.2
3076	42.7
3077	39.3
3078	40.1
3079	36.4
3080	21.9
3081	8.7
3082	18.0
3083	41.1
3084	15.3
3085	4.9
3086	10.6
3087	30.2
3088	22.3
3089	13.9
3090	12.2
3091	12.9
3092	14.4
3093	10.5
3094	21.4
3095	13.6
3096	16.8
3097	10.7
3098	4.5
3099	3.4
3100	11.7
3101	12.1
3102	9.7
3103	6.0
3104	2.4
3105	0.9
3106	1.7
3107	10.1
3108	3.3
3109	2.1
3110	9.3
3111	2.9
3112	3.2
3113	3.4
3114	0.8
3115	0.5
3116	1.1
3117	2.9
3118	4.1
3119	0.8
3120	1.3
3121	1.4
3122	0.7
3123	0.8
3124	2.9
3125	2.9
3126	3.2
3127	0.0
3128	4.3
3129	4.8
3130	4.1
3131	10.8
3132	13.2
3133	18.8
3134	15.4
3135	8.0
3136	8.7
3137	13.6
3138	16.1
3139	19.6
3140	25.2
3141	23.5
3142	21.6
